--------------------Configuration: <Default>--------------------
Daffy
30 0.010072632 0.0
31 0.007413151 0.7359696055608901
32 0.010005128 1.349645784903073
33 0.016863249 1.6854605958064703
34 0.028049097 1.6633269780930116
35 0.046532826 1.658977684736161
36 0.081080419 1.742434878122382
37 0.121206332 1.4948903014425714
38 0.194652141 1.6059568653558463
39 0.300995855 1.546326967962813
40 0.497599283 1.653176529623639
41 0.744929044 1.497046055832038
42 1.2904657 1.7323337174110771
43 2.107120595 1.6328373508881329
44 4.135118769 1.9624499797554302

Donald
30 1.4606E-5 1.9624499797554302
31 1.4606E-5 1.0
32 4.737E-6 0.32431877310694235
33 1.4606E-5 3.0833861093519106
34 5.132E-6 0.3513624537861153
35 5.132E-6 1.0
36 1.4606E-5 2.8460639127045986
37 4.737E-6 0.32431877310694235
38 5.132E-6 1.0833861093519106
39 5.527E-6 1.0769680436477007
40 6.711E-6 1.2142210964356794
41 5.526E-6 0.8234242288779616
42 5.526E-6 1.0
43 5.527E-6 1.0001809627216793
44 1.8949E-5 3.4284421928713593

Mickey
1000 2.6449E-5 3.4284421928713593
2000 5.9608E-5 2.253695791901395
4000 1.25928E-4 2.1126023352570127
8000 2.2738E-4 1.8056349660123245
16000 2.16722E-4 0.9531269240918286
32000 7.1056E-5 0.32786703703361914
64000 9.2768E-5 1.3055618104030624
128000 8.4478E-5 0.9106372887202483

Minnie
1000 0.002768434 0.9106372887202483
2000 0.001593242 0.5755029738834301
4000 0.00305187 1.9155093827554133
8000 0.015858987 5.19648182917359
16000 0.054768256 3.453452354806773
32000 0.198311543 3.6209212686998833
64000 0.637593306 3.215109399859795
128000 2.56509136 4.023083893543888

Goofy
1000 0.003722563 4.023083893543888
2000 5.66872E-4 0.15228002857171255
4000 0.001809963 3.192895397902878
8000 0.009016656 4.981679735994603
16000 0.033407929 3.7051351410101487
32000 0.131491342 3.9359321555071554
64000 0.526951079 4.007496394705592
128000 2.128263806 4.0388261658726

Pluto
1000 4.44892E-4 4.0388261658726
2000 4.51208E-4 1.0141967039191533
4000 4.90684E-4 1.0874895835180227
8000 9.80972E-4 1.9991929632920578
16000 0.00204129 2.0808850813274993
32000 0.002740406 1.34248734868637
64000 0.005065133 1.8483148117468726
128000 0.01058029 2.0888474201960734

Gyro
1000 2.2896E-5 2.0888474201960734
2000 1.3816E-5 0.603424178895877
4000 3.553E-6 0.2571656050955414
8000 3.553E-6 1.0
16000 1.2633E-5 3.555586828032648
32000 5.921E-6 0.46869310535898046
64000 1.3817E-5 2.3335585205201825
128000 4.737E-6 0.3428385322428892

BigInteger
1000 0.004576818 0.3428385322428892
2000 0.004399966 0.9613591801115972
4000 0.016770087 3.8114128609175615
8000 0.0578446 3.4492725052648807
16000 0.227661366 3.9357410371927544
32000 0.978845737 4.299568935205282
64000 4.230895219 4.322330944574569
128000 18.248844841 4.313234882076148

Process completed.
